   62.83   0.100   -150.00    1.6429  -90.00    0.9482  -90.00    0.9990   -0.00    0.0556  -90.00    0.0962   90.00    0.0989  180.00
   28.25   0.222              0.9103  -90.00    0.5252  -90.00    0.9926   -0.00    0.1568  -90.00    0.2669   90.00    0.1536  180.00
   18.22   0.345              0.7895  -90.03    0.4576  -90.01    0.9639    0.01    0.3485  -90.01    0.5777   89.97    0.3015  180.00
   13.45   0.467              0.6647  -90.27    0.3942  -90.06    0.8846    0.48    0.6157  -90.06    0.9873   89.73    0.4928  179.96
   10.65   0.590              0.4597  -91.02    0.2927  -89.65    0.7079    1.90    0.9046  -89.64    1.3852   89.02    0.6291  179.41
    8.82   0.712              0.1950  -90.14    0.1619  -82.14    0.4273    0.22    1.2599  -81.31    1.6546   90.50    0.6242  176.65
    7.53   0.835              0.0496   81.91    0.0164  -62.43    0.1644  -25.48    0.1609  175.08    1.4597   99.17    0.4671  171.60
    6.57   0.957              0.1395   76.26    0.0660   64.55    0.1091  -85.29    0.3067 -122.71    0.5958  104.10    0.1731  173.46
    5.82   1.079              0.0993   44.22    0.0552   72.85    0.0652 -122.24    0.0822 -151.75    0.1943   32.76    0.1306  -21.86
    5.23   1.202              0.0658  -32.14    0.0069 -125.05    0.0214 -178.85    0.0417   74.06    0.1442  -22.19    0.2000  -16.13
    4.74   1.324              0.0549  -97.56    0.0322 -110.07    0.0159   81.05    0.0492   -9.50    0.0430  -76.88    0.0310  -23.71
    4.34   1.447              0.0320 -171.53    0.0062 -117.38    0.0062   25.67    0.0270  -76.17    0.0322  172.68    0.0928  170.18
    4.00   1.569              0.0225   89.79    0.0153   60.98    0.0039  -94.31    0.0203  173.87    0.0095  103.28    0.0384  165.94
    3.71   1.692              0.0106   12.05    0.0021  116.26    0.0017 -179.52    0.0127   89.51    0.0052  -11.64    0.0351  -14.88
    3.46   1.814              0.0067 -107.31    0.0054 -137.28    0.0010   48.66    0.0075  -40.80    0.0025  -88.05    0.0133    4.66
    3.24   1.936              0.0009  137.90    0.0022   -4.94    0.0003  -98.00    0.0031 -118.67    0.0014  106.01    0.0170  166.74
    3.05   2.059              0.0009  120.16    0.0006   62.03    0.0001 -135.05    0.0031  106.55    0.0004  -76.17    0.0042 -143.13
    2.88   2.181              0.0017   53.41    0.0014  130.93    0.0003  -64.96    0.0008  -35.89    0.0000  -48.02    0.0077    0.67
    2.73   2.304              0.0030  -90.30    0.0017  -75.57    0.0001   98.70    0.0009  -97.56    0.0003  -66.99    0.0017  160.74
    2.59   2.426              0.0023  119.73    0.0012   93.03    0.0001   35.49    0.0007   81.86    0.0002  133.49    0.0042 -173.50